[gd_scene load_steps=10 format=2]

[ext_resource path="res://Scenes/HUD.tscn" type="PackedScene" id=1]
[ext_resource path="res://Main.gd" type="Script" id=2]
[ext_resource path="res://Scripts/Spatial.gd" type="Script" id=3]
[ext_resource path="res://Kenney Assets/wheel.obj" type="ArrayMesh" id=4]
[ext_resource path="res://Scenes/PalmShort.tscn" type="PackedScene" id=5]
[ext_resource path="res://Scenes/Tower.tscn" type="PackedScene" id=6]
[ext_resource path="res://Scenes/TallPalm.tscn" type="PackedScene" id=7]
[ext_resource path="res://WheelRim.tres" type="Material" id=8]
[ext_resource path="res://Scenes/WheelSpoke.tres" type="Material" id=9]

[node name="Main" type="Spatial"]
script = ExtResource( 2 )

[node name="Camera" type="Camera" parent="."]

[node name="HUD" parent="." instance=ExtResource( 1 )]

[node name="Spatial" type="Spatial" parent="."]
pause_mode = 2
transform = Transform( -4.37114e-08, 0, 1, 0, 1, 0, -1, 0, -4.37114e-08, 0, 0, -0.445 )
script = ExtResource( 3 )

[node name="MeshInstance" type="MeshInstance" parent="Spatial"]
transform = Transform( 0.970296, -0.241922, 0, 0.241922, 0.970296, 0, 0, 0, 1, -0.267581, -0.328863, 0 )
mesh = ExtResource( 4 )
material/0 = ExtResource( 8 )
material/1 = ExtResource( 9 )

[node name="DirectionalLight" type="DirectionalLight" parent="."]
transform = Transform( 1, 0, 0, 0, 0.849092, 0.528246, 0, -0.528246, 0.849092, 0, 8, 8 )

[node name="SpotLight" type="SpotLight" parent="."]
transform = Transform( 0.128493, 0.847802, 0.514511, -0.0870553, 0.526451, -0.845737, -0.987882, 0.0638805, 0.141451, 1.64363, -3.02477, 0.13489 )
light_color = Color( 0.921569, 1, 0, 1 )
spot_angle = 7.72171

[node name="SpotLight2" type="SpotLight" parent="."]
transform = Transform( -0.14522, 0.726457, -0.671693, -0.146326, -0.687193, -0.711586, -0.978519, -0.00505071, 0.206094, -1.66095, -1.56415, 0.145952 )
light_color = Color( 0.945098, 1, 0, 1 )
spot_angle = 7.72171

[node name="Tower" parent="." instance=ExtResource( 6 )]
pause_mode = 2
transform = Transform( 6, 0, 0, 0, 6, 0, 0, 0, 6, -14.9949, -8.72433, -17.2732 )
color_tag = "Blue"
spin_axis = "y"

[node name="Tower2" parent="." instance=ExtResource( 6 )]
pause_mode = 2
transform = Transform( 6, 0, 0, 0, 6, 0, 0, 0, 6, 14.995, -8.724, -17.273 )
color_tag = "Red"
spin_axis = "y"

[node name="PalmShort" parent="." instance=ExtResource( 5 )]
pause_mode = 2
transform = Transform( 4, 0, 0, 0, 4, 0, 0, 0, 4, -5, -4, -5 )

[node name="TallPalm" parent="." instance=ExtResource( 7 )]
pause_mode = 2
transform = Transform( 4, 0, 0, 0, 4, 0, 0, 0, 4, 5, -4, -5 )
